line: [96.0, 206.0, 300.0, 300.0]
rectangle: [188.0, 42.0, 328.0, 96.0]
oval: [616.6533205935661, 41.65332059356618, 843.0, 264.0]
oval: [50.0, 50.0, 150.0, 150.0]
